<?xml version="1.0"?>
<opencv_storage>
<grid_y type_id="opencv-matrix">
  <rows>3190</rows>
  <cols>1</cols>
  <dt>d</dt>
  <data>
    193. 193. 193. 193. 193. 193. 193. 193. 193. 193. 193. 193. 193.
    193. 193. 193. 193. 193. 193. 193. 193. 193. 193. 193. 193. 193.
    193. 193. 193. 193. 193. 193. 193. 193. 193. 193. 193. 193. 193.
    193. 193. 193. 193. 193. 193. 193. 193. 193. 193. 193. 193. 193.
    193. 193. 193. 200. 200. 200. 200. 200. 200. 200. 200. 200. 200.
    200. 200. 200. 200. 200. 200. 200. 200. 200. 200. 200. 200. 200.
    200. 200. 200. 200. 200. 200. 200. 200. 200. 200. 200. 200. 200.
    200. 200. 200. 200. 200. 200. 200. 200. 200. 200. 200. 200. 200.
    200. 200. 200. 200. 200. 200. 207. 207. 207. 207. 207. 207. 207.
    207. 207. 207. 207. 207. 207. 207. 207. 207. 207. 207. 207. 207.
    207. 207. 207. 207. 207. 207. 207. 207. 207. 207. 207. 207. 207.
    207. 207. 207. 207. 207. 207. 207. 207. 207. 207. 207. 207. 207.
    207. 207. 207. 207. 207. 207. 207. 207. 207. 214. 214. 214. 214.
    214. 214. 214. 214. 214. 214. 214. 214. 214. 214. 214. 214. 214.
    214. 214. 214. 214. 214. 214. 214. 214. 214. 214. 214. 214. 214.
    214. 214. 214. 214. 214. 214. 214. 214. 214. 214. 214. 214. 214.
    214. 214. 214. 214. 214. 214. 214. 214. 214. 214. 214. 214. 221.
    221. 221. 221. 221. 221. 221. 221. 221. 221. 221. 221. 221. 221.
    221. 221. 221. 221. 221. 221. 221. 221. 221. 221. 221. 221. 221.
    221. 221. 221. 221. 221. 221. 221. 221. 221. 221. 221. 221. 221.
    221. 221. 221. 221. 221. 221. 221. 221. 221. 221. 221. 221. 221.
    221. 221. 228. 228. 228. 228. 228. 228. 228. 228. 228. 228. 228.
    228. 228. 228. 228. 228. 228. 228. 228. 228. 228. 228. 228. 228.
    228. 228. 228. 228. 228. 228. 228. 228. 228. 228. 228. 228. 228.
    228. 228. 228. 228. 228. 228. 228. 228. 228. 228. 228. 228. 228.
    228. 228. 228. 228. 228. 235. 235. 235. 235. 235. 235. 235. 235.
    235. 235. 235. 235. 235. 235. 235. 235. 235. 235. 235. 235. 235.
    235. 235. 235. 235. 235. 235. 235. 235. 235. 235. 235. 235. 235.
    235. 235. 235. 235. 235. 235. 235. 235. 235. 235. 235. 235. 235.
    235. 235. 235. 235. 235. 235. 235. 235. 242. 242. 242. 242. 242.
    242. 242. 242. 242. 242. 242. 242. 242. 242. 242. 242. 242. 242.
    242. 242. 242. 242. 242. 242. 242. 242. 242. 242. 242. 242. 242.
    242. 242. 242. 242. 242. 242. 242. 242. 242. 242. 242. 242. 242.
    242. 242. 242. 242. 242. 242. 242. 242. 242. 242. 242. 249. 249.
    249. 249. 249. 249. 249. 249. 249. 249. 249. 249. 249. 249. 249.
    249. 249. 249. 249. 249. 249. 249. 249. 249. 249. 249. 249. 249.
    249. 249. 249. 249. 249. 249. 249. 249. 249. 249. 249. 249. 249.
    249. 249. 249. 249. 249. 249. 249. 249. 249. 249. 249. 249. 249.
    249. 256. 256. 256. 256. 256. 256. 256. 256. 256. 256. 256. 256.
    256. 256. 256. 256. 256. 256. 256. 256. 256. 256. 256. 256. 256.
    256. 256. 256. 256. 256. 256. 256. 256. 256. 256. 256. 256. 256.
    256. 256. 256. 256. 256. 256. 256. 256. 256. 256. 256. 256. 256.
    256. 256. 256. 256. 263. 263. 263. 263. 263. 263. 263. 263. 263.
    263. 263. 263. 263. 263. 263. 263. 263. 263. 263. 263. 263. 263.
    263. 263. 263. 263. 263. 263. 263. 263. 263. 263. 263. 263. 263.
    263. 263. 263. 263. 263. 263. 263. 263. 263. 263. 263. 263. 263.
    263. 263. 263. 263. 263. 263. 263. 270. 270. 270. 270. 270. 270.
    270. 270. 270. 270. 270. 270. 270. 270. 270. 270. 270. 270. 270.
    270. 270. 270. 270. 270. 270. 270. 270. 270. 270. 270. 270. 270.
    270. 270. 270. 270. 270. 270. 270. 270. 270. 270. 270. 270. 270.
    270. 270. 270. 270. 270. 270. 270. 270. 270. 270. 277. 277. 277.
    277. 277. 277. 277. 277. 277. 277. 277. 277. 277. 277. 277. 277.
    277. 277. 277. 277. 277. 277. 277. 277. 277. 277. 277. 277. 277.
    277. 277. 277. 277. 277. 277. 277. 277. 277. 277. 277. 277. 277.
    277. 277. 277. 277. 277. 277. 277. 277. 277. 277. 277. 277. 277.
    284. 284. 284. 284. 284. 284. 284. 284. 284. 284. 284. 284. 284.
    284. 284. 284. 284. 284. 284. 284. 284. 284. 284. 284. 284. 284.
    284. 284. 284. 284. 284. 284. 284. 284. 284. 284. 284. 284. 284.
    284. 284. 284. 284. 284. 284. 284. 284. 284. 284. 284. 284. 284.
    284. 284. 284. 291. 291. 291. 291. 291. 291. 291. 291. 291. 291.
    291. 291. 291. 291. 291. 291. 291. 291. 291. 291. 291. 291. 291.
    291. 291. 291. 291. 291. 291. 291. 291. 291. 291. 291. 291. 291.
    291. 291. 291. 291. 291. 291. 291. 291. 291. 291. 291. 291. 291.
    291. 291. 291. 291. 291. 291. 298. 298. 298. 298. 298. 298. 298.
    298. 298. 298. 298. 298. 298. 298. 298. 298. 298. 298. 298. 298.
    298. 298. 298. 298. 298. 298. 298. 298. 298. 298. 298. 298. 298.
    298. 298. 298. 298. 298. 298. 298. 298. 298. 298. 298. 298. 298.
    298. 298. 298. 298. 298. 298. 298. 298. 298. 305. 305. 305. 305.
    305. 305. 305. 305. 305. 305. 305. 305. 305. 305. 305. 305. 305.
    305. 305. 305. 305. 305. 305. 305. 305. 305. 305. 305. 305. 305.
    305. 305. 305. 305. 305. 305. 305. 305. 305. 305. 305. 305. 305.
    305. 305. 305. 305. 305. 305. 305. 305. 305. 305. 305. 305. 312.
    312. 312. 312. 312. 312. 312. 312. 312. 312. 312. 312. 312. 312.
    312. 312. 312. 312. 312. 312. 312. 312. 312. 312. 312. 312. 312.
    312. 312. 312. 312. 312. 312. 312. 312. 312. 312. 312. 312. 312.
    312. 312. 312. 312. 312. 312. 312. 312. 312. 312. 312. 312. 312.
    312. 312. 319. 319. 319. 319. 319. 319. 319. 319. 319. 319. 319.
    319. 319. 319. 319. 319. 319. 319. 319. 319. 319. 319. 319. 319.
    319. 319. 319. 319. 319. 319. 319. 319. 319. 319. 319. 319. 319.
    319. 319. 319. 319. 319. 319. 319. 319. 319. 319. 319. 319. 319.
    319. 319. 319. 319. 319. 326. 326. 326. 326. 326. 326. 326. 326.
    326. 326. 326. 326. 326. 326. 326. 326. 326. 326. 326. 326. 326.
    326. 326. 326. 326. 326. 326. 326. 326. 326. 326. 326. 326. 326.
    326. 326. 326. 326. 326. 326. 326. 326. 326. 326. 326. 326. 326.
    326. 326. 326. 326. 326. 326. 326. 326. 333. 333. 333. 333. 333.
    333. 333. 333. 333. 333. 333. 333. 333. 333. 333. 333. 333. 333.
    333. 333. 333. 333. 333. 333. 333. 333. 333. 333. 333. 333. 333.
    333. 333. 333. 333. 333. 333. 333. 333. 333. 333. 333. 333. 333.
    333. 333. 333. 333. 333. 333. 333. 333. 333. 333. 333. 340. 340.
    340. 340. 340. 340. 340. 340. 340. 340. 340. 340. 340. 340. 340.
    340. 340. 340. 340. 340. 340. 340. 340. 340. 340. 340. 340. 340.
    340. 340. 340. 340. 340. 340. 340. 340. 340. 340. 340. 340. 340.
    340. 340. 340. 340. 340. 340. 340. 340. 340. 340. 340. 340. 340.
    340. 347. 347. 347. 347. 347. 347. 347. 347. 347. 347. 347. 347.
    347. 347. 347. 347. 347. 347. 347. 347. 347. 347. 347. 347. 347.
    347. 347. 347. 347. 347. 347. 347. 347. 347. 347. 347. 347. 347.
    347. 347. 347. 347. 347. 347. 347. 347. 347. 347. 347. 347. 347.
    347. 347. 347. 347. 354. 354. 354. 354. 354. 354. 354. 354. 354.
    354. 354. 354. 354. 354. 354. 354. 354. 354. 354. 354. 354. 354.
    354. 354. 354. 354. 354. 354. 354. 354. 354. 354. 354. 354. 354.
    354. 354. 354. 354. 354. 354. 354. 354. 354. 354. 354. 354. 354.
    354. 354. 354. 354. 354. 354. 354. 361. 361. 361. 361. 361. 361.
    361. 361. 361. 361. 361. 361. 361. 361. 361. 361. 361. 361. 361.
    361. 361. 361. 361. 361. 361. 361. 361. 361. 361. 361. 361. 361.
    361. 361. 361. 361. 361. 361. 361. 361. 361. 361. 361. 361. 361.
    361. 361. 361. 361. 361. 361. 361. 361. 361. 361. 368. 368. 368.
    368. 368. 368. 368. 368. 368. 368. 368. 368. 368. 368. 368. 368.
    368. 368. 368. 368. 368. 368. 368. 368. 368. 368. 368. 368. 368.
    368. 368. 368. 368. 368. 368. 368. 368. 368. 368. 368. 368. 368.
    368. 368. 368. 368. 368. 368. 368. 368. 368. 368. 368. 368. 368.
    375. 375. 375. 375. 375. 375. 375. 375. 375. 375. 375. 375. 375.
    375. 375. 375. 375. 375. 375. 375. 375. 375. 375. 375. 375. 375.
    375. 375. 375. 375. 375. 375. 375. 375. 375. 375. 375. 375. 375.
    375. 375. 375. 375. 375. 375. 375. 375. 375. 375. 375. 375. 375.
