<?xml version="1.0"?>
<opencv_storage>
<grid_x type_id="opencv-matrix">
  <rows>3190</rows>
  <cols>1</cols>
  <dt>d</dt>
  <data>
    170. 177. 184. 191. 198. 205. 212. 219. 226. 233. 240. 247. 254.
    261. 268. 275. 282. 289. 296. 303. 310. 317. 324. 331. 338. 345.
    352. 359. 366. 373. 380. 387. 394. 401. 408. 415. 422. 429. 436.
    443. 450. 457. 464. 471. 478. 485. 492. 499. 506. 513. 520. 527.
    534. 541. 548. 170. 177. 184. 191. 198. 205. 212. 219. 226. 233.
    240. 247. 254. 261. 268. 275. 282. 289. 296. 303. 310. 317. 324.
    331. 338. 345. 352. 359. 366. 373. 380. 387. 394. 401. 408. 415.
    422. 429. 436. 443. 450. 457. 464. 471. 478. 485. 492. 499. 506.
    513. 520. 527. 534. 541. 548. 170. 177. 184. 191. 198. 205. 212.
    219. 226. 233. 240. 247. 254. 261. 268. 275. 282. 289. 296. 303.
    310. 317. 324. 331. 338. 345. 352. 359. 366. 373. 380. 387. 394.
    401. 408. 415. 422. 429. 436. 443. 450. 457. 464. 471. 478. 485.
    492. 499. 506. 513. 520. 527. 534. 541. 548. 170. 177. 184. 191.
    198. 205. 212. 219. 226. 233. 240. 247. 254. 261. 268. 275. 282.
    289. 296. 303. 310. 317. 324. 331. 338. 345. 352. 359. 366. 373.
    380. 387. 394. 401. 408. 415. 422. 429. 436. 443. 450. 457. 464.
    471. 478. 485. 492. 499. 506. 513. 520. 527. 534. 541. 548. 170.
    177. 184. 191. 198. 205. 212. 219. 226. 233. 240. 247. 254. 261.
    268. 275. 282. 289. 296. 303. 310. 317. 324. 331. 338. 345. 352.
    359. 366. 373. 380. 387. 394. 401. 408. 415. 422. 429. 436. 443.
    450. 457. 464. 471. 478. 485. 492. 499. 506. 513. 520. 527. 534.
    541. 548. 170. 177. 184. 191. 198. 205. 212. 219. 226. 233. 240.
    247. 254. 261. 268. 275. 282. 289. 296. 303. 310. 317. 324. 331.
    338. 345. 352. 359. 366. 373. 380. 387. 394. 401. 408. 415. 422.
    429. 436. 443. 450. 457. 464. 471. 478. 485. 492. 499. 506. 513.
    520. 527. 534. 541. 548. 170. 177. 184. 191. 198. 205. 212. 219.
    226. 233. 240. 247. 254. 261. 268. 275. 282. 289. 296. 303. 310.
    317. 324. 331. 338. 345. 352. 359. 366. 373. 380. 387. 394. 401.
    408. 415. 422. 429. 436. 443. 450. 457. 464. 471. 478. 485. 492.
    499. 506. 513. 520. 527. 534. 541. 548. 170. 177. 184. 191. 198.
    205. 212. 219. 226. 233. 240. 247. 254. 261. 268. 275. 282. 289.
    296. 303. 310. 317. 324. 331. 338. 345. 352. 359. 366. 373. 380.
    387. 394. 401. 408. 415. 422. 429. 436. 443. 450. 457. 464. 471.
    478. 485. 492. 499. 506. 513. 520. 527. 534. 541. 548. 170. 177.
    184. 191. 198. 205. 212. 219. 226. 233. 240. 247. 254. 261. 268.
    275. 282. 289. 296. 303. 310. 317. 324. 331. 338. 345. 352. 359.
    366. 373. 380. 387. 394. 401. 408. 415. 422. 429. 436. 443. 450.
    457. 464. 471. 478. 485. 492. 499. 506. 513. 520. 527. 534. 541.
    548. 170. 177. 184. 191. 198. 205. 212. 219. 226. 233. 240. 247.
    254. 261. 268. 275. 282. 289. 296. 303. 310. 317. 324. 331. 338.
    345. 352. 359. 366. 373. 380. 387. 394. 401. 408. 415. 422. 429.
    436. 443. 450. 457. 464. 471. 478. 485. 492. 499. 506. 513. 520.
    527. 534. 541. 548. 170. 177. 184. 191. 198. 205. 212. 219. 226.
    233. 240. 247. 254. 261. 268. 275. 282. 289. 296. 303. 310. 317.
    324. 331. 338. 345. 352. 359. 366. 373. 380. 387. 394. 401. 408.
    415. 422. 429. 436. 443. 450. 457. 464. 471. 478. 485. 492. 499.
    506. 513. 520. 527. 534. 541. 548. 170. 177. 184. 191. 198. 205.
    212. 219. 226. 233. 240. 247. 254. 261. 268. 275. 282. 289. 296.
    303. 310. 317. 324. 331. 338. 345. 352. 359. 366. 373. 380. 387.
    394. 401. 408. 415. 422. 429. 436. 443. 450. 457. 464. 471. 478.
    485. 492. 499. 506. 513. 520. 527. 534. 541. 548. 170. 177. 184.
    191. 198. 205. 212. 219. 226. 233. 240. 247. 254. 261. 268. 275.
    282. 289. 296. 303. 310. 317. 324. 331. 338. 345. 352. 359. 366.
    373. 380. 387. 394. 401. 408. 415. 422. 429. 436. 443. 450. 457.
    464. 471. 478. 485. 492. 499. 506. 513. 520. 527. 534. 541. 548.
    170. 177. 184. 191. 198. 205. 212. 219. 226. 233. 240. 247. 254.
    261. 268. 275. 282. 289. 296. 303. 310. 317. 324. 331. 338. 345.
    352. 359. 366. 373. 380. 387. 394. 401. 408. 415. 422. 429. 436.
    443. 450. 457. 464. 471. 478. 485. 492. 499. 506. 513. 520. 527.
    534. 541. 548. 170. 177. 184. 191. 198. 205. 212. 219. 226. 233.
    240. 247. 254. 261. 268. 275. 282. 289. 296. 303. 310. 317. 324.
    331. 338. 345. 352. 359. 366. 373. 380. 387. 394. 401. 408. 415.
    422. 429. 436. 443. 450. 457. 464. 471. 478. 485. 492. 499. 506.
    513. 520. 527. 534. 541. 548. 170. 177. 184. 191. 198. 205. 212.
    219. 226. 233. 240. 247. 254. 261. 268. 275. 282. 289. 296. 303.
    310. 317. 324. 331. 338. 345. 352. 359. 366. 373. 380. 387. 394.
    401. 408. 415. 422. 429. 436. 443. 450. 457. 464. 471. 478. 485.
    492. 499. 506. 513. 520. 527. 534. 541. 548. 170. 177. 184. 191.
    198. 205. 212. 219. 226. 233. 240. 247. 254. 261. 268. 275. 282.
    289. 296. 303. 310. 317. 324. 331. 338. 345. 352. 359. 366. 373.
    380. 387. 394. 401. 408. 415. 422. 429. 436. 443. 450. 457. 464.
    471. 478. 485. 492. 499. 506. 513. 520. 527. 534. 541. 548. 170.
    177. 184. 191. 198. 205. 212. 219. 226. 233. 240. 247. 254. 261.
    268. 275. 282. 289. 296. 303. 310. 317. 324. 331. 338. 345. 352.
    359. 366. 373. 380. 387. 394. 401. 408. 415. 422. 429. 436. 443.
    450. 457. 464. 471. 478. 485. 492. 499. 506. 513. 520. 527. 534.
    541. 548. 170. 177. 184. 191. 198. 205. 212. 219. 226. 233. 240.
    247. 254. 261. 268. 275. 282. 289. 296. 303. 310. 317. 324. 331.
    338. 345. 352. 359. 366. 373. 380. 387. 394. 401. 408. 415. 422.
    429. 436. 443. 450. 457. 464. 471. 478. 485. 492. 499. 506. 513.
    520. 527. 534. 541. 548. 170. 177. 184. 191. 198. 205. 212. 219.
    226. 233. 240. 247. 254. 261. 268. 275. 282. 289. 296. 303. 310.
    317. 324. 331. 338. 345. 352. 359. 366. 373. 380. 387. 394. 401.
    408. 415. 422. 429. 436. 443. 450. 457. 464. 471. 478. 485. 492.
    499. 506. 513. 520. 527. 534. 541. 548. 170. 177. 184. 191. 198.
    205. 212. 219. 226. 233. 240. 247. 254. 261. 268. 275. 282. 289.
    296. 303. 310. 317. 324. 331. 338. 345. 352. 359. 366. 373. 380.
    387. 394. 401. 408. 415. 422. 429. 436. 443. 450. 457. 464. 471.
    478. 485. 492. 499. 506. 513. 520. 527. 534. 541. 548. 170. 177.
    184. 191. 198. 205. 212. 219. 226. 233. 240. 247. 254. 261. 268.
    275. 282. 289. 296. 303. 310. 317. 324. 331. 338. 345. 352. 359.
    366. 373. 380. 387. 394. 401. 408. 415. 422. 429. 436. 443. 450.
    457. 464. 471. 478. 485. 492. 499. 506. 513. 520. 527. 534. 541.
    548. 170. 177. 184. 191. 198. 205. 212. 219. 226. 233. 240. 247.
    254. 261. 268. 275. 282. 289. 296. 303. 310. 317. 324. 331. 338.
    345. 352. 359. 366. 373. 380. 387. 394. 401. 408. 415. 422. 429.
    436. 443. 450. 457. 464. 471. 478. 485. 492. 499. 506. 513. 520.
    527. 534. 541. 548. 170. 177. 184. 191. 198. 205. 212. 219. 226.
    233. 240. 247. 254. 261. 268. 275. 282. 289. 296. 303. 310. 317.
    324. 331. 338. 345. 352. 359. 366. 373. 380. 387. 394. 401. 408.
    415. 422. 429. 436. 443. 450. 457. 464. 471. 478. 485. 492. 499.
    506. 513. 520. 527. 534. 541. 548. 170. 177. 184. 191. 198. 205.
    212. 219. 226. 233. 240. 247. 254. 261. 268. 275. 282. 289. 296.
    303. 310. 317. 324. 331. 338. 345. 352. 359. 366. 373. 380. 387.
    394. 401. 408. 415. 422. 429. 436. 443. 450. 457. 464. 471. 478.
    485. 492. 499. 506. 513. 520. 527. 534. 541. 548. 170. 177. 184.
    191. 198. 205. 212. 219. 226. 233. 240. 247. 254. 261. 268. 275.
    282. 289. 296. 303. 310. 317. 324. 331. 338. 345. 352. 359. 366.
    373. 380. 387. 394. 401. 408. 415. 422. 429. 436. 443. 450. 457.
    464. 471. 478. 485. 492. 499. 506. 513. 520. 527. 534. 541. 548.
    170. 177. 184. 191. 198. 205. 212. 219. 226. 233. 240. 247. 254.
    261. 268. 275. 282. 289. 296. 303. 310. 317. 324. 331. 338. 345.
    352. 359. 366. 373. 380. 387. 394. 401. 408. 415. 422. 429. 436.
    443. 450. 457. 464. 471. 478. 485. 492. 499. 506. 513. 520. 527.
